758
267
1239
22751
786
33755
51
245
324
968
184
133
937
122
55
29
426
1879
553
234
3832
292
65423
1
11
336
776
449
338
65
1395
8158
56544
634
588
29
81
2198
842
5642
1276
2
1
1
1
1
2
2
1
1
1
1
1
2
1
1
2
1
1
1
1
1
1
1
1
2
1
1
1
1
1
2
2
1
6
2
2
229864
169
36
9
434
615
61
229
138
186
26
146
24
116
62458
46957
23369
67
32
142
2
139
3
3
1
2
1
1
1
1
1
1
1
1
2
1
3
1
1
3
1
1
1
2
3
1
1
1
1
1
1
2
2
1
2
3
1
2
2
1
3
1
2
1
1
2
1
3
2
1
2
1
1
2
2
2
1
1
2
1
2
2
3
1
1
2
3
1
1
1
1
1
1
1
1
4
2
1
2
191
364
9998
516
227
68
554
732
354
1328
53
26
63
1664
156
48
451
134
56
93
165
28
177
247
1164
1318
159
136
238
315
622
1113
846
237
224
53
72
131
649
11
1261
41
476
251
12462
78
313
257
222
62395
911
549
912
76
5396
1289
82
1329
418
248
353
2818
2712
154
913
42
311
417
166
57
66
36
1687
84
27
823
432
795
375
143
241
22
71
454
245
137
1125
132
319
21
739
55
445
282
1258
25
2714
6
743
386
3912
15
37
269
428
275
88
443
676
322
12359
31599
1438
569
274
291
72
1651
5667
845
478
795
394
8
232
443
344
38
624
42431
2711
375
78
55
65
24
165
236
127
599
2
344
2121
72
12
38
119
6
31
48
11299
1797
1
288
23236
12
92
991
296
14
912
12133
636
6948
39514
149
6553
22165
671
8682
76
9548
48488
72
12214
