758
267
1239
22751
109
786
1030
33755
51
245
324
968
184
133
10
937
30
170
209
122
55
29
426
1879
553
234
3832
292
3030
65423
1
31058
11
100
336
401
1086
776
1030
449
338
65
8720
1395
1809
8158
56544
634
207
588
29
81
2198
842
5642
1276
2
1
1
1
1
0
2
2
1
1
0
0
1
1
0
1
0
0
2
0
1
0
0
0
0
1
0
0
0
2
0
0
0
203
0
0
0
0
0
0
1
1
0
0
0
0
1
0
0
1
0
0
0
0
1
0
0
0
0
0
0
0
0
0
0
0
0
1
0
0
0
0
0
0
0
1
0
1
0
0
0
0
0
2
0
1
1
0
0
0
0
0
0
0
0
0
0
1
0
0
1
1
0
0
0
0
0
0
0
0
0
0
0
0
0
2
2
0
1
6
0
0
0
2
0
2
0
0
0
0
305
204
229864
169
36
9
434
615
61
229
138
1502
186
26
146
24
116
62458
46957
460
11025
23369
67
32
310
142
2
139
3
0
0
3
1
2
0
0
1
1
0
1
1
0
0
0
1
0
0
1
0
1
0
1
2
1
3
1
0
1
3
0
1
1
1
2
0
0
0
3
1
1
0
0
0
1
1
0
1
0
0
0
1
2
0
0
0
0
0
0
2
0
0
0
0
1
0
0
0
2
0
3
1
0
2
2
0
1
0
0
0
0
0
3
0
0
0
0
0
1
0
0
2
0
1
0
1
2
1
0
3
2
0
1
2
1
0
0
0
0
0
1
2
0
0
0
2
2
1
1
0
0
0
0
2
1
2
2
3
0
0
0
1
1
0
0
0
2
0
3
0
1
0
1
0
0
0
0
0
0
1
1
0
0
1
0
1
1
1
0
4
0
0
0
0
2
0
0
1
0
2
191
364
209
9998
516
201
227
68
554
732
354
1328
53
26
63
1664
156
48
50
451
134
56
93
165
28
177
403
247
1164
1318
607
159
136
238
200
315
622
1113
846
409
237
224
109
53
72
131
420
649
11
1261
41
476
251
12462
78
313
257
222
62395
911
549
2800
912
490
76
5396
1289
82
1329
418
10180
248
353
2818
2712
154
102
913
42
311
417
166
57
360
66
36
1687
84
27
823
432
795
375
143
241
22
71
454
10331
245
137
1125
132
319
21
739
55
700
370
445
282
1258
560
25
2714
4017
230
6
743
386
3912
401
15
150
10
402
37
269
428
275
88
443
676
322
12359
31599
1438
569
274
291
72
1651
19340
5667
845
478
795
1620
394
8
232
443
344
109
38
624
42431
2711
375
78
602
55
65
180
24
165
20
236
127
599
2
344
102
1026
300
2121
72
12
38
119
8094
6
31
60941
11290
48
11299
1797
1
288
23236
12
92
40
991
296
203
14
1085
912
12133
636
6948
24066
39514
149
6553
22165
671
101
8682
20190
76
9548
48488
72
2310
12214
